   2.0000000000000000e+00
   5.0000000000000000e-01
   3.3333333333333331e-01
   2.5000000000000000e-01
   2.0000000000000001e-01
   1.6666666666666666e-01
   1.4285714285714285e-01
   1.2500000000000000e-01
   1.1111111111111110e-01
   1.0000000000000001e-01
   5.0000000000000000e-01
   1.2333333333333334e+00
   2.5000000000000000e-01
   2.0000000000000001e-01
   1.6666666666666666e-01
   1.4285714285714285e-01
   1.2500000000000000e-01
   1.1111111111111110e-01
   1.0000000000000001e-01
   9.0909090909090912e-02
   3.3333333333333331e-01
   2.5000000000000000e-01
   1.0000000000000000e+00
   1.6666666666666666e-01
   1.4285714285714285e-01
   1.2500000000000000e-01
   1.1111111111111110e-01
   1.0000000000000001e-01
   9.0909090909090912e-02
   8.3333333333333329e-02
   2.5000000000000000e-01
   2.0000000000000001e-01
   1.6666666666666666e-01
   8.4285714285714275e-01
   1.2500000000000000e-01
   1.1111111111111110e-01
   1.0000000000000001e-01
   9.0909090909090912e-02
   8.3333333333333329e-02
   7.6923076923076927e-02
   2.0000000000000001e-01
   1.6666666666666666e-01
   1.4285714285714285e-01
   1.2500000000000000e-01
   7.1111111111111103e-01
   1.0000000000000001e-01
   9.0909090909090912e-02
   8.3333333333333329e-02
   7.6923076923076927e-02
   7.1428571428571425e-02
   1.6666666666666666e-01
   1.4285714285714285e-01
   1.2500000000000000e-01
   1.1111111111111110e-01
   1.0000000000000001e-01
   5.9090909090909094e-01
   8.3333333333333329e-02
   7.6923076923076927e-02
   7.1428571428571425e-02
   6.6666666666666666e-02
   1.4285714285714285e-01
   1.2500000000000000e-01
   1.1111111111111110e-01
   1.0000000000000001e-01
   9.0909090909090912e-02
   8.3333333333333329e-02
   4.7692307692307695e-01
   7.1428571428571425e-02
   6.6666666666666666e-02
   6.2500000000000000e-02
   1.2500000000000000e-01
   1.1111111111111110e-01
   1.0000000000000001e-01
   9.0909090909090912e-02
   8.3333333333333329e-02
   7.6923076923076927e-02
   7.1428571428571425e-02
   3.6666666666666670e-01
   6.2500000000000000e-02
   5.8823529411764705e-02
   1.1111111111111110e-01
   1.0000000000000001e-01
   9.0909090909090912e-02
   8.3333333333333329e-02
   7.6923076923076927e-02
   7.1428571428571425e-02
   6.6666666666666666e-02
   6.2500000000000000e-02
   2.5882352941176473e-01
   5.5555555555555552e-02
   1.0000000000000001e-01
   9.0909090909090912e-02
   8.3333333333333329e-02
   7.6923076923076927e-02
   7.1428571428571425e-02
   6.6666666666666666e-02
   6.2500000000000000e-02
   5.8823529411764705e-02
   5.5555555555555552e-02
   1.5263157894736842e-01
