 14.45000000  18.35000000 
 15.95000000  20.75000000 
 16.95000000  21.60000000 
 17.90000000  21.95000000 
 19.00000000  22.70000000 
 20.45000000  22.75000000 
 19.10000000  21.70000000 
 20.40000000  21.40000000 
 21.95000000  21.90000000 
 18.65000000  20.70000000 
 17.75000000  20.55000000 
 17.05000000  19.85000000 
 15.75000000  19.45000000 
 15.75000000  18.25000000 
 16.35000000  16.90000000 
 17.20000000  15.90000000 
 17.90000000  17.00000000 
 17.30000000  17.75000000 
 17.00000000  18.90000000 
 17.80000000  18.65000000 
 17.85000000  19.50000000 
 18.50000000  19.90000000 
 19.10000000  19.95000000 
 19.55000000  20.55000000 
 20.10000000  19.90000000 
 19.55000000  19.30000000 
 18.95000000  19.30000000 
 18.55000000  19.20000000 
 18.45000000  18.85000000 
 18.85000000  18.90000000 
 19.20000000  18.80000000 
 18.75000000  18.55000000 
 18.30000000  18.10000000 
 19.10000000  17.80000000 
 19.00000000  16.75000000 
 18.75000000  15.50000000 
 19.65000000  18.20000000 
 20.10000000  18.95000000 
 21.25000000  20.40000000 
 21.45000000  19.00000000 
 20.90000000  17.90000000 
 20.25000000  17.20000000 
 20.10000000  15.40000000 
 21.40000000  15.95000000 
 22.20000000  17.15000000 
 11.40000000  12.55000000 
 12.05000000  12.75000000 
 12.70000000  13.00000000 
 13.35000000  13.05000000 
 14.20000000  12.95000000 
 15.05000000  12.95000000 
 15.60000000  12.95000000 
 16.10000000  13.10000000 
 15.95000000  12.60000000 
 15.40000000  12.45000000 
 14.65000000  12.40000000 
 13.85000000  12.40000000 
 13.15000000  12.20000000 
 12.65000000  12.40000000 
 11.90000000  12.10000000 
 12.00000000  11.50000000 
 12.65000000  11.65000000 
 13.40000000  11.65000000 
 14.10000000  11.70000000 
 14.60000000  11.80000000 
 15.20000000  11.95000000 
 15.05000000  11.55000000 
 14.45000000  11.20000000 
 13.95000000  10.90000000 
 13.05000000  11.10000000 
 13.55000000  10.65000000 
 12.45000000  10.90000000 
 13.20000000  10.25000000 
 11.25000000  11.10000000 
 11.25000000  11.85000000 
 10.70000000  12.25000000 
 10.05000000  11.85000000 
 10.60000000  11.60000000 
  9.75000000  11.35000000 
 10.40000000  10.90000000 
  9.75000000  10.60000000 
  9.75000000   9.80000000 
 10.35000000  10.20000000 
 10.90000000  10.40000000 
 11.70000000  10.55000000 
 12.40000000  10.10000000 
 12.90000000   9.70000000 
 12.35000000   9.65000000 
 11.85000000  10.00000000 
 11.15000000   9.80000000 
 10.65000000   9.55000000 
 10.10000000   9.25000000 
 10.75000000   9.00000000 
 11.10000000   9.30000000 
 11.70000000   9.40000000 
 12.15000000   9.10000000 
 12.85000000   9.05000000 
 12.45000000   8.70000000 
 11.95000000   8.25000000 
 11.70000000   8.85000000 
 11.30000000   8.50000000 
 11.55000000   7.95000000 
 12.90000000   8.50000000 
 13.25000000   8.05000000 
 12.65000000   7.95000000 
 12.10000000   7.60000000 
 11.65000000   7.35000000 
 12.20000000   7.00000000 
 11.80000000   6.65000000 
 12.65000000   7.30000000 
 13.20000000   7.55000000 
 13.65000000   7.75000000 
 14.35000000   7.55000000 
 13.80000000   7.30000000 
 13.35000000   6.85000000 
 12.70000000   6.70000000 
 12.45000000   6.25000000 
 13.20000000   5.85000000 
 13.65000000   6.25000000 
 14.10000000   6.75000000 
 14.70000000   6.90000000 
 15.00000000   7.50000000 
 15.85000000   7.30000000 
 15.35000000   7.05000000 
 15.10000000   6.35000000 
 14.45000000   6.30000000 
 14.75000000   5.75000000 
 13.95000000   5.80000000 
 15.50000000   5.90000000 
 15.80000000   6.40000000 
 16.05000000   6.85000000 
 16.55000000   7.10000000 
 16.70000000   6.50000000 
 16.25000000   6.10000000 
 17.05000000   6.25000000 
 15.85000000  11.55000000 
 15.90000000  12.10000000 
 16.30000000  11.65000000 
 16.55000000  12.05000000 
 16.50000000  12.60000000 
 16.75000000  13.10000000 
 17.50000000  13.00000000 
 17.15000000  12.65000000 
 17.10000000  12.10000000 
 16.90000000  11.70000000 
 17.40000000  11.65000000 
 17.55000000  12.10000000 
 17.75000000  12.65000000 
 18.30000000  12.75000000 
 18.25000000  12.25000000 
 18.00000000  11.95000000 
 17.85000000  11.50000000 
 18.30000000  11.65000000 
 18.60000000  12.00000000 
 18.85000000  12.45000000 
 19.10000000  11.80000000 
 18.85000000  11.45000000 
 18.50000000  11.15000000 
 18.95000000  10.80000000 
 19.30000000  11.15000000 
 19.40000000  10.70000000 
 19.25000000  10.35000000 
 19.90000000  10.60000000 
 19.65000000  10.15000000 
 19.45000000   9.75000000 
 19.90000000   9.45000000 
 20.30000000  10.05000000 
 20.65000000  10.35000000 
 21.25000000  10.10000000 
 20.90000000   9.90000000 
 21.65000000   9.65000000 
 21.15000000   9.35000000 
 20.50000000   9.40000000 
 19.50000000   9.20000000 
 19.95000000   8.85000000 
 20.65000000   8.80000000 
 21.20000000   8.70000000 
 21.90000000   8.85000000 
 21.75000000   8.25000000 
 21.65000000   7.80000000 
 21.05000000   8.00000000 
 20.30000000   8.20000000 
 19.40000000   8.70000000 
 19.60000000   8.05000000 
 18.95000000   8.10000000 
 20.00000000   7.60000000 
 20.55000000   7.55000000 
 21.25000000   7.25000000 
 20.85000000   6.85000000 
 20.25000000   7.05000000 
 19.55000000   7.05000000 
 19.05000000   7.45000000 
 18.35000000   7.60000000 
 17.85000000   7.30000000 
 18.30000000   7.10000000 
 18.95000000   6.85000000 
 19.60000000   6.25000000 
 20.15000000   6.45000000 
 18.80000000   6.25000000 
 18.35000000   6.55000000 
 17.65000000   6.55000000 
 17.25000000   6.90000000 
 17.95000000   6.20000000 
 17.45000000   9.85000000 
 17.20000000   9.25000000 
 17.00000000   9.60000000 
 17.00000000  10.05000000 
 16.45000000  10.10000000 
 16.50000000   9.80000000 
 16.60000000   9.45000000 
 16.60000000   9.05000000 
 15.90000000   9.00000000 
 16.05000000   9.35000000 
 16.05000000   9.65000000 
 15.85000000   9.95000000 
 15.35000000   9.90000000 
 15.60000000   9.45000000 
 15.30000000   9.15000000 
 15.10000000   9.55000000 
